【4参数组合效果表】
==============================================================================================================
 T_CLS  T_FEAT FT_READ FT_RUN |    漏检%    通过%    审核% |    晨读%    晨跑%     差异
--------------------------------------------------------------------------------------------------------------
  3.00    2.00    0.66   0.64 |    0.0   10.1   89.9 |   98.6   98.5    0.1
  4.00    2.00    0.66   0.64 |    0.0   10.1   89.9 |   98.6   98.5    0.1
  5.00    2.00    0.66   0.64 |    0.0   10.1   89.9 |   98.6   98.5    0.1
  6.00    2.00    0.66   0.64 |    0.0    9.9   90.1 |   98.6   98.5    0.1
  7.00    2.00    0.66   0.64 |    0.0    9.2   90.8 |   98.6   98.5    0.1
  3.00    2.20    0.64   0.64 |    0.0   37.0   63.0 |   99.6  100.0    0.4
  4.00    2.20    0.64   0.64 |    0.0   37.0   63.0 |   99.6  100.0    0.4
  5.00    2.20    0.64   0.64 |    0.0   36.8   63.2 |   99.6  100.0    0.4
  6.00    2.20    0.64   0.64 |    0.0   36.2   63.8 |   99.6  100.0    0.4
  7.00    2.20    0.64   0.64 |    0.0   35.1   64.9 |   99.6  100.0    0.4
  3.00    2.20    0.62   0.62 |    0.0   77.8   22.2 |   99.4   98.9    0.5
  4.00    2.20    0.62   0.62 |    0.0   77.8   22.2 |   99.4   98.9    0.5
  5.00    2.20    0.62   0.62 |    0.0   77.2   22.8 |   99.4   98.9    0.5
  6.00    2.20    0.62   0.62 |    0.0   75.7   24.3 |   99.4   98.9    0.5
  7.00    2.20    0.62   0.62 |    0.0   72.2   27.8 |   99.4   98.9    0.5
  3.00    2.20    0.62   0.64 |    0.0   71.0   29.0 |   99.4  100.0    0.6
  4.00    2.20    0.62   0.64 |    0.0   71.0   29.0 |   99.4  100.0    0.6
  5.00    2.20    0.62   0.64 |    0.0   70.3   29.7 |   99.4  100.0    0.6
  6.00    2.20    0.62   0.64 |    0.0   68.9   31.1 |   99.4  100.0    0.6
  7.00    2.20    0.62   0.64 |    0.0   65.9   34.1 |   99.4  100.0    0.6
  3.00    2.20    0.64   0.62 |    0.0   43.9   56.1 |   99.6   98.9    0.7
  4.00    2.20    0.64   0.62 |    0.0   43.9   56.1 |   99.6   98.9    0.7
  5.00    2.20    0.64   0.62 |    0.0   43.7   56.3 |   99.6   98.9    0.7
  6.00    2.20    0.64   0.62 |    0.0   43.0   57.0 |   99.6   98.9    0.7
  7.00    2.20    0.64   0.62 |    0.0   41.4   58.6 |   99.6   98.9    0.7
  3.00    2.00    0.62   0.64 |    0.0   76.5   23.5 |   99.2   98.5    0.7
  4.00    2.00    0.62   0.64 |    0.0   76.5   23.5 |   99.2   98.5    0.7
  5.00    2.00    0.62   0.64 |    0.0   75.7   24.3 |   99.2   98.5    0.7
  6.00    2.00    0.62   0.64 |    0.0   74.3   25.7 |   99.2   98.5    0.7
  7.00    2.00    0.62   0.64 |    0.0   70.8   29.2 |   99.2   98.5    0.7
  3.00    1.80    0.62   0.64 |    0.0   80.2   19.8 |   99.0   98.0    1.0
  4.00    1.80    0.62   0.64 |    0.0   80.2   19.8 |   99.0   98.0    1.0
  5.00    1.80    0.62   0.64 |    0.0   79.4   20.6 |   99.0   98.0    1.0
  6.00    1.80    0.62   0.64 |    0.0   78.0   22.0 |   99.0   98.0    1.0
  7.00    1.80    0.62   0.64 |    0.0   74.3   25.7 |   99.0   98.0    1.0
  3.00    2.00    0.64   0.64 |    0.0   72.8   27.2 |   99.6   98.5    1.1
  4.00    2.00    0.64   0.64 |    0.0   72.8   27.2 |   99.6   98.5    1.1
  5.00    2.00    0.64   0.64 |    0.0   72.3   27.7 |   99.6   98.5    1.1
  6.00    2.00    0.64   0.64 |    0.0   71.0   29.0 |   99.6   98.5    1.1
  7.00    2.00    0.64   0.64 |    0.0   67.8   32.2 |   99.6   98.5    1.1
  3.00    1.80    0.64   0.64 |    0.0   79.2   20.8 |   99.3   98.0    1.3
  4.00    1.80    0.64   0.64 |    0.0   79.2   20.8 |   99.3   98.0    1.3
  5.00    1.80    0.64   0.64 |    0.0   78.5   21.5 |   99.3   98.0    1.3
  6.00    1.80    0.64   0.64 |    0.0   77.1   22.9 |   99.3   98.0    1.3
  7.00    1.80    0.64   0.64 |    0.0   73.5   26.5 |   99.3   98.0    1.3
  3.00    1.80    0.66   0.64 |    0.0   72.8   27.2 |   99.7   98.0    1.7
  4.00    1.80    0.66   0.64 |    0.0   72.8   27.2 |   99.7   98.0    1.7
  5.00    1.80    0.66   0.64 |    0.0   72.4   27.6 |   99.7   98.0    1.7
  6.00    1.80    0.66   0.64 |    0.0   71.3   28.7 |   99.7   98.0    1.7
  7.00    1.80    0.66   0.64 |    0.0   68.3   31.7 |   99.7   98.0    1.7
  3.00    2.00    0.66   0.62 |    0.0   14.1   85.9 |   98.6   96.8    1.8
  4.00    2.00    0.66   0.62 |    0.0   14.1   85.9 |   98.6   96.8    1.8
  5.00    2.00    0.66   0.62 |    0.0   14.1   85.9 |   98.6   96.8    1.8
  6.00    2.00    0.66   0.62 |    0.0   13.9   86.1 |   98.6   96.8    1.8
  7.00    2.00    0.66   0.62 |    0.0   13.0   87.0 |   98.6   96.8    1.8
  3.00    1.80    0.68   0.64 |    0.0   10.2   89.8 |  100.0   98.0    2.0
  4.00    1.80    0.68   0.64 |    0.0   10.2   89.8 |  100.0   98.0    2.0
  5.00    1.80    0.68   0.64 |    0.0   10.2   89.8 |  100.0   98.0    2.0
  6.00    1.80    0.68   0.64 |    0.0   10.1   89.9 |  100.0   98.0    2.0
  7.00    1.80    0.68   0.64 |    0.0    9.4   90.6 |  100.0   98.0    2.0
  3.00    2.00    0.62   0.62 |    0.0   80.6   19.4 |   99.2   96.8    2.4
  4.00    2.00    0.62   0.62 |    0.0   80.6   19.4 |   99.2   96.8    2.4
  5.00    2.00    0.62   0.62 |    0.0   79.8   20.2 |   99.2   96.8    2.4
  6.00    2.00    0.62   0.62 |    0.0   78.3   21.7 |   99.2   96.8    2.4
  7.00    2.00    0.62   0.62 |    0.0   74.7   25.3 |   99.2   96.8    2.4
  3.00    2.00    0.66   0.60 |    0.0   16.0   84.0 |   98.6   96.1    2.5
  4.00    2.00    0.66   0.60 |    0.0   16.0   84.0 |   98.6   96.1    2.5
  5.00    2.00    0.66   0.60 |    0.0   16.0   84.0 |   98.6   96.1    2.5
  6.00    2.00    0.66   0.60 |    0.0   15.7   84.3 |   98.6   96.1    2.5
  7.00    2.00    0.66   0.60 |    0.0   14.8   85.2 |   98.6   96.1    2.5
  3.00    1.40    0.62   0.64 |    0.0   83.6   16.4 |   98.8   96.1    2.6
  4.00    1.40    0.62   0.64 |    0.0   83.5   16.5 |   98.8   96.1    2.6
  5.00    1.40    0.62   0.64 |    0.0   82.7   17.3 |   98.8   96.1    2.6
  6.00    1.40    0.62   0.64 |    0.0   81.1   18.9 |   98.8   96.1    2.6
  7.00    1.40    0.62   0.64 |    0.0   77.5   22.5 |   98.8   96.1    2.6
  3.00    1.60    0.62   0.64 |    0.0   82.4   17.6 |   98.9   96.2    2.7
  4.00    1.60    0.62   0.64 |    0.0   82.4   17.6 |   98.9   96.2    2.7
  5.00    1.60    0.62   0.64 |    0.0   81.6   18.4 |   98.9   96.2    2.7
  6.00    1.60    0.62   0.64 |    0.0   80.1   19.9 |   98.9   96.2    2.7
  7.00    1.60    0.62   0.64 |    0.0   76.5   23.5 |   98.9   96.2    2.7
  3.00    1.80    0.62   0.62 |    0.0   82.4   17.6 |   99.0   96.3    2.7
  4.00    1.80    0.62   0.62 |    0.0   82.4   17.6 |   99.0   96.3    2.7
  5.00    1.80    0.62   0.62 |    0.0   81.6   18.4 |   99.0   96.3    2.7
  6.00    1.80    0.62   0.62 |    0.0   80.1   19.9 |   99.0   96.3    2.7
  7.00    1.80    0.62   0.62 |    0.0   76.4   23.6 |   99.0   96.3    2.7
  3.00    1.60    0.62   0.62 |    0.0   83.5   16.5 |   98.9   96.2    2.7
  4.00    1.60    0.62   0.62 |    0.0   83.4   16.6 |   98.9   96.2    2.7
  5.00    1.60    0.62   0.62 |    0.0   82.7   17.3 |   98.9   96.2    2.7
  6.00    1.60    0.62   0.62 |    0.0   81.1   18.9 |   98.9   96.2    2.7
  7.00    1.60    0.62   0.62 |    0.0   77.4   22.6 |   98.9   96.2    2.7
  3.00    1.40    0.64   0.64 |    0.0   83.3   16.7 |   98.9   96.1    2.8
  4.00    1.40    0.64   0.64 |    0.0   83.2   16.8 |   98.9   96.1    2.8
  5.00    1.40    0.64   0.64 |    0.0   82.5   17.5 |   98.9   96.1    2.8
  6.00    1.40    0.64   0.64 |    0.0   80.9   19.1 |   98.9   96.1    2.8
  7.00    1.40    0.64   0.64 |    0.0   77.2   22.8 |   98.9   96.1    2.8
  3.00    1.60    0.64   0.64 |    0.0   82.0   18.0 |   99.0   96.2    2.8
  4.00    1.60    0.64   0.64 |    0.0   81.9   18.1 |   99.0   96.2    2.8
  5.00    1.60    0.64   0.64 |    0.0   81.2   18.8 |   99.0   96.2    2.8
  6.00    1.60    0.64   0.64 |    0.0   79.7   20.3 |   99.0   96.2    2.8
  7.00    1.60    0.64   0.64 |    0.0   76.0   24.0 |   99.0   96.2    2.8
  3.00    2.00    0.64   0.62 |    0.0   76.9   23.1 |   99.6   96.8    2.8
  4.00    2.00    0.64   0.62 |    0.0   76.9   23.1 |   99.6   96.8    2.8
  5.00    2.00    0.64   0.62 |    0.0   76.4   23.6 |   99.6   96.8    2.8
  6.00    2.00    0.64   0.62 |    0.0   75.1   24.9 |   99.6   96.8    2.8
  7.00    2.00    0.64   0.62 |    0.0   71.7   28.3 |   99.6   96.8    2.8
  3.00    1.60    0.64   0.62 |    0.0   83.0   17.0 |   99.0   96.2    2.8
  4.00    1.60    0.64   0.62 |    0.0   83.0   17.0 |   99.0   96.2    2.8
  5.00    1.60    0.64   0.62 |    0.0   82.3   17.7 |   99.0   96.2    2.8
  6.00    1.60    0.64   0.62 |    0.0   80.7   19.3 |   99.0   96.2    2.8
  7.00    1.60    0.64   0.62 |    0.0   77.0   23.0 |   99.0   96.2    2.8
  3.00    1.40    0.66   0.64 |    0.0   82.8   17.2 |   99.0   96.1    2.9
  4.00    1.40    0.66   0.64 |    0.0   82.8   17.2 |   99.0   96.1    2.9
  5.00    1.40    0.66   0.64 |    0.0   82.1   17.9 |   99.0   96.1    2.9
  6.00    1.40    0.66   0.64 |    0.0   80.5   19.5 |   99.0   96.1    2.9
  7.00    1.40    0.66   0.64 |    0.0   76.8   23.2 |   99.0   96.1    2.9
  3.00    1.80    0.64   0.62 |    0.0   81.4   18.6 |   99.3   96.3    3.0
  4.00    1.80    0.64   0.62 |    0.0   81.4   18.6 |   99.3   96.3    3.0
  5.00    1.80    0.64   0.62 |    0.0   80.7   19.3 |   99.3   96.3    3.0
  6.00    1.80    0.64   0.62 |    0.0   79.1   20.9 |   99.3   96.3    3.0
  7.00    1.80    0.64   0.62 |    0.0   75.5   24.5 |   99.3   96.3    3.0
  3.00    2.00    0.62   0.60 |    0.0   82.5   17.5 |   99.2   96.1    3.1
  4.00    2.00    0.62   0.60 |    0.0   82.4   17.6 |   99.2   96.1    3.1
  5.00    2.00    0.62   0.60 |    0.0   81.7   18.3 |   99.2   96.1    3.1
  6.00    2.00    0.62   0.60 |    0.0   80.1   19.9 |   99.2   96.1    3.1
  7.00    2.00    0.62   0.60 |    0.0   76.4   23.6 |   99.2   96.1    3.1
  3.00    1.40    0.62   0.62 |    0.0   84.4   15.6 |   98.8   95.6    3.1
  4.00    1.40    0.62   0.62 |    0.0   84.3   15.7 |   98.8   95.6    3.1
  5.00    1.40    0.62   0.62 |    0.0   83.6   16.4 |   98.8   95.6    3.1
  6.00    1.40    0.62   0.62 |    0.0   82.0   18.0 |   98.8   95.6    3.1
  7.00    1.40    0.62   0.62 |    0.0   78.3   21.7 |   98.8   95.6    3.1
  3.00    2.20    0.62   0.60 |    0.0   80.7   19.3 |   99.4   96.3    3.1
  4.00    2.20    0.62   0.60 |    0.0   80.7   19.3 |   99.4   96.3    3.1
  5.00    2.20    0.62   0.60 |    0.0   80.0   20.0 |   99.4   96.3    3.1
  6.00    2.20    0.62   0.60 |    0.0   78.5   21.5 |   99.4   96.3    3.1
  7.00    2.20    0.62   0.60 |    0.0   74.9   25.1 |   99.4   96.3    3.1
  3.00    1.80    0.62   0.60 |    0.0   83.5   16.5 |   99.0   95.9    3.1
  4.00    1.80    0.62   0.60 |    0.0   83.4   16.6 |   99.0   95.9    3.1
  5.00    1.80    0.62   0.60 |    0.0   82.7   17.3 |   99.0   95.9    3.1
  6.00    1.80    0.62   0.60 |    0.0   81.1   18.9 |   99.0   95.9    3.1
  7.00    1.80    0.62   0.60 |    0.0   77.4   22.6 |   99.0   95.9    3.1
  3.00    1.60    0.66   0.64 |    0.0   80.7   19.3 |   99.4   96.2    3.2
  4.00    1.60    0.66   0.64 |    0.0   80.7   19.3 |   99.4   96.2    3.2
  5.00    1.60    0.66   0.64 |    0.0   80.1   19.9 |   99.4   96.2    3.2
  6.00    1.60    0.66   0.64 |    0.0   78.6   21.4 |   99.4   96.2    3.2
  7.00    1.60    0.66   0.64 |    0.0   75.0   25.0 |   99.4   96.2    3.2
  3.00    1.40    0.68   0.64 |    0.0   81.7   18.3 |   99.4   96.1    3.2
  4.00    1.40    0.68   0.64 |    0.0   81.7   18.3 |   99.4   96.1    3.2
  5.00    1.40    0.68   0.64 |    0.0   81.0   19.0 |   99.4   96.1    3.2
  6.00    1.40    0.68   0.64 |    0.0   79.5   20.5 |   99.4   96.1    3.2
  7.00    1.40    0.68   0.64 |    0.0   75.9   24.1 |   99.4   96.1    3.2
  3.00    2.00    0.66   0.58 |    0.0   17.0   83.0 |   98.6   95.3    3.3
  4.00    2.00    0.66   0.58 |    0.0   17.0   83.0 |   98.6   95.3    3.3
  5.00    2.00    0.66   0.58 |    0.0   17.0   83.0 |   98.6   95.3    3.3
  6.00    2.00    0.66   0.58 |    0.0   16.7   83.3 |   98.6   95.3    3.3
  7.00    2.00    0.66   0.58 |    0.0   15.8   84.2 |   98.6   95.3    3.3
  3.00    1.60    0.66   0.62 |    0.0   81.8   18.2 |   99.4   96.2    3.3
  4.00    1.60    0.66   0.62 |    0.0   81.8   18.2 |   99.4   96.2    3.3
  5.00    1.60    0.66   0.62 |    0.0   81.1   18.9 |   99.4   96.2    3.3
  6.00    1.60    0.66   0.62 |    0.0   79.6   20.4 |   99.4   96.2    3.3
  7.00    1.60    0.66   0.62 |    0.0   76.0   24.0 |   99.4   96.2    3.3
  3.00    1.40    0.64   0.62 |    0.0   84.1   15.9 |   98.9   95.6    3.3
  4.00    1.40    0.64   0.62 |    0.0   84.1   15.9 |   98.9   95.6    3.3
  5.00    1.40    0.64   0.62 |    0.0   83.3   16.7 |   98.9   95.6    3.3
  6.00    1.40    0.64   0.62 |    0.0   81.7   18.3 |   98.9   95.6    3.3
  7.00    1.40    0.64   0.62 |    0.0   78.1   21.9 |   98.9   95.6    3.3
  3.00    2.20    0.64   0.60 |    0.0   46.7   53.3 |   99.6   96.3    3.3
  4.00    2.20    0.64   0.60 |    0.0   46.7   53.3 |   99.6   96.3    3.3
  5.00    2.20    0.64   0.60 |    0.0   46.6   53.4 |   99.6   96.3    3.3
  6.00    2.20    0.64   0.60 |    0.0   45.8   54.2 |   99.6   96.3    3.3
  7.00    2.20    0.64   0.60 |    0.0   44.1   55.9 |   99.6   96.3    3.3
  3.00    1.80    0.66   0.62 |    0.0   75.0   25.0 |   99.7   96.3    3.3
  4.00    1.80    0.66   0.62 |    0.0   75.0   25.0 |   99.7   96.3    3.3
  5.00    1.80    0.66   0.62 |    0.0   74.6   25.4 |   99.7   96.3    3.3
  6.00    1.80    0.66   0.62 |    0.0   73.4   26.6 |   99.7   96.3    3.3
  7.00    1.80    0.66   0.62 |    0.0   70.3   29.7 |   99.7   96.3    3.3
  3.00    1.40    0.66   0.62 |    0.0   83.7   16.3 |   99.0   95.6    3.4
  4.00    1.40    0.66   0.62 |    0.0   83.6   16.4 |   99.0   95.6    3.4
  5.00    1.40    0.66   0.62 |    0.0   82.9   17.1 |   99.0   95.6    3.4
  6.00    1.40    0.66   0.62 |    0.0   81.3   18.7 |   99.0   95.6    3.4
  7.00    1.40    0.66   0.62 |    0.0   77.6   22.4 |   99.0   95.6    3.4
  3.00    1.80    0.64   0.60 |    0.0   82.5   17.5 |   99.3   95.9    3.4
  4.00    1.80    0.64   0.60 |    0.0   82.5   17.5 |   99.3   95.9    3.4
  5.00    1.80    0.64   0.60 |    0.0   81.7   18.3 |   99.3   95.9    3.4
  6.00    1.80    0.64   0.60 |    0.0   80.2   19.8 |   99.3   95.9    3.4
  7.00    1.80    0.64   0.60 |    0.0   76.6   23.4 |   99.3   95.9    3.4
  3.00    1.60    0.68   0.64 |    0.0   73.3   26.7 |   99.7   96.2    3.4
  4.00    1.60    0.68   0.64 |    0.0   73.3   26.7 |   99.7   96.2    3.4
  5.00    1.60    0.68   0.64 |    0.0   73.0   27.0 |   99.7   96.2    3.4
  6.00    1.60    0.68   0.64 |    0.0   71.9   28.1 |   99.7   96.2    3.4
  7.00    1.60    0.68   0.64 |    0.0   68.9   31.1 |   99.7   96.2    3.4
  3.00    1.60    0.68   0.62 |    0.0   74.4   25.6 |   99.7   96.2    3.5
  4.00    1.60    0.68   0.62 |    0.0   74.4   25.6 |   99.7   96.2    3.5
  5.00    1.60    0.68   0.62 |    0.0   74.0   26.0 |   99.7   96.2    3.5
  6.00    1.60    0.68   0.62 |    0.0   72.8   27.2 |   99.7   96.2    3.5
  7.00    1.60    0.68   0.62 |    0.0   69.9   30.1 |   99.7   96.2    3.5
  3.00    2.00    0.66   0.56 |    0.0   17.3   82.7 |   98.6   95.1    3.5
  4.00    2.00    0.66   0.56 |    0.0   17.3   82.7 |   98.6   95.1    3.5
  5.00    2.00    0.66   0.56 |    0.0   17.3   82.7 |   98.6   95.1    3.5
  6.00    2.00    0.66   0.56 |    0.0   17.0   83.0 |   98.6   95.1    3.5
  7.00    2.00    0.66   0.56 |    0.0   16.0   84.0 |   98.6   95.1    3.5
  3.00    2.00    0.64   0.60 |    0.0   78.8   21.2 |   99.6   96.1    3.5
  4.00    2.00    0.64   0.60 |    0.0   78.8   21.2 |   99.6   96.1    3.5
  5.00    2.00    0.64   0.60 |    0.0   78.2   21.8 |   99.6   96.1    3.5
  6.00    2.00    0.64   0.60 |    0.0   76.8   23.2 |   99.6   96.1    3.5
  7.00    2.00    0.64   0.60 |    0.0   73.4   26.6 |   99.6   96.1    3.5
  3.00    1.60    0.62   0.60 |    0.0   84.3   15.7 |   98.9   95.3    3.6
  4.00    1.60    0.62   0.60 |    0.0   84.2   15.8 |   98.9   95.3    3.6
  5.00    1.60    0.62   0.60 |    0.0   83.5   16.5 |   98.9   95.3    3.6
  6.00    1.60    0.62   0.60 |    0.0   81.9   18.1 |   98.9   95.3    3.6
  7.00    1.60    0.62   0.60 |    0.0   78.2   21.8 |   98.9   95.3    3.6
  3.00    1.40    0.70   0.64 |    0.0   76.5   23.5 |   99.7   96.1    3.6
  4.00    1.40    0.70   0.64 |    0.0   76.5   23.5 |   99.7   96.1    3.6
  5.00    1.40    0.70   0.64 |    0.0   76.1   23.9 |   99.7   96.1    3.6
  6.00    1.40    0.70   0.64 |    0.0   74.8   25.2 |   99.7   96.1    3.6
  7.00    1.40    0.70   0.64 |    0.0   71.7   28.3 |   99.7   96.1    3.6
  3.00    1.80    0.68   0.62 |    0.0   12.4   87.6 |  100.0   96.3    3.7
  4.00    1.80    0.68   0.62 |    0.0   12.4   87.6 |  100.0   96.3    3.7
  5.00    1.80    0.68   0.62 |    0.0   12.4   87.6 |  100.0   96.3    3.7
  6.00    1.80    0.68   0.62 |    0.0   12.2   87.8 |  100.0   96.3    3.7
  7.00    1.80    0.68   0.62 |    0.0   11.5   88.5 |  100.0   96.3    3.7
  3.00    1.60    0.64   0.60 |    0.0   83.9   16.1 |   99.0   95.3    3.7
  4.00    1.60    0.64   0.60 |    0.0   83.8   16.2 |   99.0   95.3    3.7
  5.00    1.60    0.64   0.60 |    0.0   83.1   16.9 |   99.0   95.3    3.7
  6.00    1.60    0.64   0.60 |    0.0   81.5   18.5 |   99.0   95.3    3.7
  7.00    1.60    0.64   0.60 |    0.0   77.8   22.2 |   99.0   95.3    3.7
  3.00    1.40    0.68   0.62 |    0.0   82.5   17.5 |   99.4   95.6    3.7
  4.00    1.40    0.68   0.62 |    0.0   82.5   17.5 |   99.4   95.6    3.7
  5.00    1.40    0.68   0.62 |    0.0   81.9   18.1 |   99.4   95.6    3.7
  6.00    1.40    0.68   0.62 |    0.0   80.3   19.7 |   99.4   95.6    3.7
  7.00    1.40    0.68   0.62 |    0.0   76.7   23.3 |   99.4   95.6    3.7
  3.00    1.60    0.70   0.64 |    0.0   12.1   87.9 |  100.0   96.2    3.7
  4.00    1.60    0.70   0.64 |    0.0   12.1   87.9 |  100.0   96.2    3.7
  5.00    1.60    0.70   0.64 |    0.0   12.1   87.9 |  100.0   96.2    3.7
  6.00    1.60    0.70   0.64 |    0.0   11.9   88.1 |  100.0   96.2    3.7
  7.00    1.60    0.70   0.64 |    0.0   11.2   88.8 |  100.0   96.2    3.7
  3.00    1.40    0.62   0.60 |    0.0   84.6   15.4 |   98.8   95.0    3.8
  4.00    1.40    0.62   0.60 |    0.0   84.6   15.4 |   98.8   95.0    3.8
  5.00    1.40    0.62   0.60 |    0.0   83.8   16.2 |   98.8   95.0    3.8
  6.00    1.40    0.62   0.60 |    0.0   82.2   17.8 |   98.8   95.0    3.8
  7.00    1.40    0.62   0.60 |    0.0   78.5   21.5 |   98.8   95.0    3.8
  3.00    1.80    0.66   0.60 |    0.0   76.0   24.0 |   99.7   95.9    3.8
  4.00    1.80    0.66   0.60 |    0.0   76.0   24.0 |   99.7   95.9    3.8
  5.00    1.80    0.66   0.60 |    0.0   75.6   24.4 |   99.7   95.9    3.8 <-当前选定
  6.00    1.80    0.66   0.60 |    0.0   74.4   25.6 |   99.7   95.9    3.8
  7.00    1.80    0.66   0.60 |    0.0   71.4   28.6 |   99.7   95.9    3.8
  3.00    1.60    0.70   0.62 |    0.0   13.2   86.8 |  100.0   96.2    3.8
  4.00    1.60    0.70   0.62 |    0.0   13.2   86.8 |  100.0   96.2    3.8
  5.00    1.60    0.70   0.62 |    0.0   13.2   86.8 |  100.0   96.2    3.8
  6.00    1.60    0.70   0.62 |    0.0   12.9   87.1 |  100.0   96.2    3.8
  7.00    1.60    0.70   0.62 |    0.0   12.2   87.8 |  100.0   96.2    3.8
  3.00    2.20    0.62   0.58 |    0.0   82.1   17.9 |   99.4   95.6    3.8
  4.00    2.20    0.62   0.58 |    0.0   82.1   17.9 |   99.4   95.6    3.8
  5.00    2.20    0.62   0.58 |    0.0   81.4   18.6 |   99.4   95.6    3.8
  6.00    2.20    0.62   0.58 |    0.0   79.9   20.1 |   99.4   95.6    3.8
  7.00    2.20    0.62   0.58 |    0.0   76.3   23.7 |   99.4   95.6    3.8
  3.00    1.60    0.62   0.58 |    0.0   84.5   15.5 |   98.9   95.1    3.8
  4.00    1.60    0.62   0.58 |    0.0   84.4   15.6 |   98.9   95.1    3.8
  5.00    1.60    0.62   0.58 |    0.0   83.7   16.3 |   98.9   95.1    3.8
  6.00    1.60    0.62   0.58 |    0.0   82.1   17.9 |   98.9   95.1    3.8
  7.00    1.60    0.62   0.58 |    0.0   78.4   21.6 |   98.9   95.1    3.8
  3.00    2.00    0.62   0.58 |    0.0   83.5   16.5 |   99.2   95.3    3.9
  4.00    2.00    0.62   0.58 |    0.0   83.4   16.6 |   99.2   95.3    3.9
  5.00    2.00    0.62   0.58 |    0.0   82.7   17.3 |   99.2   95.3    3.9
  6.00    2.00    0.62   0.58 |    0.0   81.1   18.9 |   99.2   95.3    3.9
  7.00    2.00    0.62   0.58 |    0.0   77.4   22.6 |   99.2   95.3    3.9
  3.00    1.40    0.64   0.60 |    0.0   84.3   15.7 |   98.9   95.0    3.9
  4.00    1.40    0.64   0.60 |    0.0   84.3   15.7 |   98.9   95.0    3.9
  5.00    1.40    0.64   0.60 |    0.0   83.6   16.4 |   98.9   95.0    3.9
  6.00    1.40    0.64   0.60 |    0.0   82.0   18.0 |   98.9   95.0    3.9
  7.00    1.40    0.64   0.60 |    0.0   78.3   21.7 |   98.9   95.0    3.9
  3.00    1.60    0.64   0.58 |    0.0   84.1   15.9 |   99.0   95.1    4.0
  4.00    1.60    0.64   0.58 |    0.0   84.0   16.0 |   99.0   95.1    4.0
  5.00    1.60    0.64   0.58 |    0.0   83.3   16.7 |   99.0   95.1    4.0
  6.00    1.60    0.64   0.58 |    0.0   81.7   18.3 |   99.0   95.1    4.0
  7.00    1.60    0.64   0.58 |    0.0   77.9   22.1 |   99.0   95.1    4.0
  3.00    2.20    0.64   0.58 |    0.0   48.1   51.9 |   99.6   95.6    4.0
  4.00    2.20    0.64   0.58 |    0.0   48.1   51.9 |   99.6   95.6    4.0
  5.00    2.20    0.64   0.58 |    0.0   48.0   52.0 |   99.6   95.6    4.0
  6.00    2.20    0.64   0.58 |    0.0   47.2   52.8 |   99.6   95.6    4.0
  7.00    2.20    0.64   0.58 |    0.0   45.5   54.5 |   99.6   95.6    4.0
  3.00    1.40    0.62   0.58 |    0.0   85.0   15.0 |   98.8   94.8    4.0
  4.00    1.40    0.62   0.58 |    0.0   84.9   15.1 |   98.8   94.8    4.0
  5.00    1.40    0.62   0.58 |    0.0   84.2   15.8 |   98.8   94.8    4.0
  6.00    1.40    0.62   0.58 |    0.0   82.5   17.5 |   98.8   94.8    4.0
  7.00    1.40    0.62   0.58 |    0.0   78.8   21.2 |   98.8   94.8    4.0
  3.00    1.40    0.66   0.60 |    0.0   83.9   16.1 |   99.0   95.0    4.0
  4.00    1.40    0.66   0.60 |    0.0   83.9   16.1 |   99.0   95.0    4.0
  5.00    1.40    0.66   0.60 |    0.0   83.1   16.9 |   99.0   95.0    4.0
  6.00    1.40    0.66   0.60 |    0.0   81.5   18.5 |   99.0   95.0    4.0
  7.00    1.40    0.66   0.60 |    0.0   77.8   22.2 |   99.0   95.0    4.0
  3.00    1.80    0.62   0.58 |    0.0   84.1   15.9 |   99.0   95.0    4.0
  4.00    1.80    0.62   0.58 |    0.0   84.0   16.0 |   99.0   95.0    4.0
  5.00    1.80    0.62   0.58 |    0.0   83.3   16.7 |   99.0   95.0    4.0
  6.00    1.80    0.62   0.58 |    0.0   81.7   18.3 |   99.0   95.0    4.0
  7.00    1.80    0.62   0.58 |    0.0   78.0   22.0 |   99.0   95.0    4.0
  3.00    1.40    0.70   0.62 |    0.0   77.3   22.7 |   99.7   95.6    4.1
  4.00    1.40    0.70   0.62 |    0.0   77.3   22.7 |   99.7   95.6    4.1
  5.00    1.40    0.70   0.62 |    0.0   76.9   23.1 |   99.7   95.6    4.1
  6.00    1.40    0.70   0.62 |    0.0   75.6   24.4 |   99.7   95.6    4.1
  7.00    1.40    0.70   0.62 |    0.0   72.5   27.5 |   99.7   95.6    4.1
  3.00    1.60    0.66   0.60 |    0.0   82.6   17.4 |   99.4   95.3    4.1
  4.00    1.60    0.66   0.60 |    0.0   82.6   17.4 |   99.4   95.3    4.1
  5.00    1.60    0.66   0.60 |    0.0   82.0   18.0 |   99.4   95.3    4.1
  6.00    1.60    0.66   0.60 |    0.0   80.4   19.6 |   99.4   95.3    4.1
  7.00    1.60    0.66   0.60 |    0.0   76.8   23.2 |   99.4   95.3    4.1
  3.00    1.80    0.68   0.60 |    0.0   13.5   86.5 |  100.0   95.9    4.1
  4.00    1.80    0.68   0.60 |    0.0   13.5   86.5 |  100.0   95.9    4.1
  5.00    1.80    0.68   0.60 |    0.0   13.5   86.5 |  100.0   95.9    4.1
  6.00    1.80    0.68   0.60 |    0.0   13.2   86.8 |  100.0   95.9    4.1
  7.00    1.80    0.68   0.60 |    0.0   12.5   87.5 |  100.0   95.9    4.1
  3.00    1.40    0.64   0.58 |    0.0   84.7   15.3 |   98.9   94.8    4.1
  4.00    1.40    0.64   0.58 |    0.0   84.6   15.4 |   98.9   94.8    4.1
  5.00    1.40    0.64   0.58 |    0.0   83.9   16.1 |   98.9   94.8    4.1
  6.00    1.40    0.64   0.58 |    0.0   82.3   17.7 |   98.9   94.8    4.1
  7.00    1.40    0.64   0.58 |    0.0   78.6   21.4 |   98.9   94.8    4.1
  3.00    2.00    0.62   0.56 |    0.0   83.8   16.2 |   99.2   95.1    4.1
  4.00    2.00    0.62   0.56 |    0.0   83.7   16.3 |   99.2   95.1    4.1
  5.00    2.00    0.62   0.56 |    0.0   83.0   17.0 |   99.2   95.1    4.1
  6.00    2.00    0.62   0.56 |    0.0   81.4   18.6 |   99.2   95.1    4.1
  7.00    2.00    0.62   0.56 |    0.0   77.6   22.4 |   99.2   95.1    4.1
  3.00    1.40    0.66   0.58 |    0.0   84.2   15.8 |   99.0   94.8    4.3
  4.00    1.40    0.66   0.58 |    0.0   84.2   15.8 |   99.0   94.8    4.3
  5.00    1.40    0.66   0.58 |    0.0   83.5   16.5 |   99.0   94.8    4.3
  6.00    1.40    0.66   0.58 |    0.0   81.9   18.1 |   99.0   94.8    4.3
  7.00    1.40    0.66   0.58 |    0.0   78.1   21.9 |   99.0   94.8    4.3
  3.00    1.80    0.62   0.56 |    0.0   84.4   15.6 |   99.0   94.8    4.3
  4.00    1.80    0.62   0.56 |    0.0   84.3   15.7 |   99.0   94.8    4.3
  5.00    1.80    0.62   0.56 |    0.0   83.6   16.4 |   99.0   94.8    4.3
  6.00    1.80    0.62   0.56 |    0.0   82.0   18.0 |   99.0   94.8    4.3
  7.00    1.80    0.62   0.56 |    0.0   78.3   21.7 |   99.0   94.8    4.3
  3.00    2.00    0.64   0.58 |    0.0   79.8   20.2 |   99.6   95.3    4.3
  4.00    2.00    0.64   0.58 |    0.0   79.8   20.2 |   99.6   95.3    4.3
  5.00    2.00    0.64   0.58 |    0.0   79.2   20.8 |   99.6   95.3    4.3
  6.00    2.00    0.64   0.58 |    0.0   77.8   22.2 |   99.6   95.3    4.3
  7.00    2.00    0.64   0.58 |    0.0   74.4   25.6 |   99.6   95.3    4.3
  3.00    1.80    0.64   0.58 |    0.0   83.1   16.9 |   99.3   95.0    4.3
  4.00    1.80    0.64   0.58 |    0.0   83.0   17.0 |   99.3   95.0    4.3
  5.00    1.80    0.64   0.58 |    0.0   82.3   17.7 |   99.3   95.0    4.3
  6.00    1.80    0.64   0.58 |    0.0   80.7   19.3 |   99.3   95.0    4.3
  7.00    1.80    0.64   0.58 |    0.0   77.1   22.9 |   99.3   95.0    4.3
  3.00    1.60    0.68   0.60 |    0.0   75.2   24.8 |   99.7   95.3    4.3
  4.00    1.60    0.68   0.60 |    0.0   75.2   24.8 |   99.7   95.3    4.3
  5.00    1.60    0.68   0.60 |    0.0   74.9   25.1 |   99.7   95.3    4.3
  6.00    1.60    0.68   0.60 |    0.0   73.7   26.3 |   99.7   95.3    4.3
  7.00    1.60    0.68   0.60 |    0.0   70.7   29.3 |   99.7   95.3    4.3
  3.00    1.40    0.68   0.60 |    0.0   82.8   17.2 |   99.4   95.0    4.4
  4.00    1.40    0.68   0.60 |    0.0   82.8   17.2 |   99.4   95.0    4.4
  5.00    1.40    0.68   0.60 |    0.0   82.1   17.9 |   99.4   95.0    4.4
  6.00    1.40    0.68   0.60 |    0.0   80.6   19.4 |   99.4   95.0    4.4
  7.00    1.40    0.68   0.60 |    0.0   76.9   23.1 |   99.4   95.0    4.4
  3.00    1.60    0.66   0.58 |    0.0   82.8   17.2 |   99.4   95.1    4.4
  4.00    1.60    0.66   0.58 |    0.0   82.8   17.2 |   99.4   95.1    4.4
  5.00    1.60    0.66   0.58 |    0.0   82.2   17.8 |   99.4   95.1    4.4
  6.00    1.60    0.66   0.58 |    0.0   80.6   19.4 |   99.4   95.1    4.4
  7.00    1.60    0.66   0.58 |    0.0   76.9   23.1 |   99.4   95.1    4.4
  3.00    2.20    0.62   0.56 |    0.0   82.5   17.5 |   99.4   95.0    4.4
  4.00    2.20    0.62   0.56 |    0.0   82.5   17.5 |   99.4   95.0    4.4
  5.00    2.20    0.62   0.56 |    0.0   81.8   18.2 |   99.4   95.0    4.4
  6.00    2.20    0.62   0.56 |    0.0   80.3   19.7 |   99.4   95.0    4.4
  7.00    2.20    0.62   0.56 |    0.0   76.6   23.4 |   99.4   95.0    4.4
  3.00    1.60    0.62   0.56 |    0.0   84.7   15.3 |   98.9   94.4    4.5
  4.00    1.60    0.62   0.56 |    0.0   84.7   15.3 |   98.9   94.4    4.5
  5.00    1.60    0.62   0.56 |    0.0   84.0   16.0 |   98.9   94.4    4.5
  6.00    1.60    0.62   0.56 |    0.0   82.4   17.6 |   98.9   94.4    4.5
  7.00    1.60    0.62   0.56 |    0.0   78.6   21.4 |   98.9   94.4    4.5
  3.00    1.80    0.64   0.56 |    0.0   83.4   16.6 |   99.3   94.8    4.5
  4.00    1.80    0.64   0.56 |    0.0   83.4   16.6 |   99.3   94.8    4.5
  5.00    1.80    0.64   0.56 |    0.0   82.6   17.4 |   99.3   94.8    4.5
  6.00    1.80    0.64   0.56 |    0.0   81.1   18.9 |   99.3   94.8    4.5
  7.00    1.80    0.64   0.56 |    0.0   77.4   22.6 |   99.3   94.8    4.5
  3.00    2.00    0.64   0.56 |    0.0   80.1   19.9 |   99.6   95.1    4.5
  4.00    2.00    0.64   0.56 |    0.0   80.1   19.9 |   99.6   95.1    4.5
  5.00    2.00    0.64   0.56 |    0.0   79.5   20.5 |   99.6   95.1    4.5
  6.00    2.00    0.64   0.56 |    0.0   78.1   21.9 |   99.6   95.1    4.5
  7.00    2.00    0.64   0.56 |    0.0   74.6   25.4 |   99.6   95.1    4.5
  3.00    2.20    0.64   0.56 |    0.0   48.5   51.5 |   99.6   95.0    4.6
  4.00    2.20    0.64   0.56 |    0.0   48.5   51.5 |   99.6   95.0    4.6
  5.00    2.20    0.64   0.56 |    0.0   48.4   51.6 |   99.6   95.0    4.6
  6.00    2.20    0.64   0.56 |    0.0   47.5   52.5 |   99.6   95.0    4.6
  7.00    2.20    0.64   0.56 |    0.0   45.8   54.2 |   99.6   95.0    4.6
  3.00    1.60    0.64   0.56 |    0.0   84.3   15.7 |   99.0   94.4    4.6
  4.00    1.60    0.64   0.56 |    0.0   84.2   15.8 |   99.0   94.4    4.6
  5.00    1.60    0.64   0.56 |    0.0   83.5   16.5 |   99.0   94.4    4.6
  6.00    1.60    0.64   0.56 |    0.0   81.9   18.1 |   99.0   94.4    4.6
  7.00    1.60    0.64   0.56 |    0.0   78.2   21.8 |   99.0   94.4    4.6
  3.00    1.40    0.68   0.58 |    0.0   83.1   16.9 |   99.4   94.8    4.6
  4.00    1.40    0.68   0.58 |    0.0   83.1   16.9 |   99.4   94.8    4.6
  5.00    1.40    0.68   0.58 |    0.0   82.5   17.5 |   99.4   94.8    4.6
  6.00    1.40    0.68   0.58 |    0.0   80.9   19.1 |   99.4   94.8    4.6
  7.00    1.40    0.68   0.58 |    0.0   77.2   22.8 |   99.4   94.8    4.6
  3.00    1.60    0.68   0.58 |    0.0   75.4   24.6 |   99.7   95.1    4.6
  4.00    1.60    0.68   0.58 |    0.0   75.4   24.6 |   99.7   95.1    4.6
  5.00    1.60    0.68   0.58 |    0.0   75.1   24.9 |   99.7   95.1    4.6
  6.00    1.60    0.68   0.58 |    0.0   73.8   26.2 |   99.7   95.1    4.6
  7.00    1.60    0.68   0.58 |    0.0   70.8   29.2 |   99.7   95.1    4.6
  3.00    1.60    0.70   0.60 |    0.0   14.0   86.0 |  100.0   95.3    4.7
  4.00    1.60    0.70   0.60 |    0.0   14.0   86.0 |  100.0   95.3    4.7
  5.00    1.60    0.70   0.60 |    0.0   14.0   86.0 |  100.0   95.3    4.7
  6.00    1.60    0.70   0.60 |    0.0   13.7   86.3 |  100.0   95.3    4.7
  7.00    1.60    0.70   0.60 |    0.0   13.0   87.0 |  100.0   95.3    4.7
  3.00    1.80    0.66   0.58 |    0.0   76.6   23.4 |   99.7   95.0    4.7
  4.00    1.80    0.66   0.58 |    0.0   76.6   23.4 |   99.7   95.0    4.7
  5.00    1.80    0.66   0.58 |    0.0   76.2   23.8 |   99.7   95.0    4.7
  6.00    1.80    0.66   0.58 |    0.0   75.0   25.0 |   99.7   95.0    4.7
  7.00    1.80    0.66   0.58 |    0.0   71.9   28.1 |   99.7   95.0    4.7
  3.00    1.40    0.70   0.60 |    0.0   77.6   22.4 |   99.7   95.0    4.7
  4.00    1.40    0.70   0.60 |    0.0   77.6   22.4 |   99.7   95.0    4.7
  5.00    1.40    0.70   0.60 |    0.0   77.2   22.8 |   99.7   95.0    4.7
  6.00    1.40    0.70   0.60 |    0.0   75.9   24.1 |   99.7   95.0    4.7
  7.00    1.40    0.70   0.60 |    0.0   72.7   27.3 |   99.7   95.0    4.7
  3.00    1.80    0.66   0.56 |    0.0   77.0   23.0 |   99.7   94.8    4.9
  4.00    1.80    0.66   0.56 |    0.0   77.0   23.0 |   99.7   94.8    4.9
  5.00    1.80    0.66   0.56 |    0.0   76.6   23.4 |   99.7   94.8    4.9
  6.00    1.80    0.66   0.56 |    0.0   75.3   24.7 |   99.7   94.8    4.9
  7.00    1.80    0.66   0.56 |    0.0   72.2   27.8 |   99.7   94.8    4.9
  3.00    1.40    0.70   0.58 |    0.0   77.9   22.1 |   99.7   94.8    4.9
  4.00    1.40    0.70   0.58 |    0.0   77.9   22.1 |   99.7   94.8    4.9
  5.00    1.40    0.70   0.58 |    0.0   77.5   22.5 |   99.7   94.8    4.9
  6.00    1.40    0.70   0.58 |    0.0   76.2   23.8 |   99.7   94.8    4.9
  7.00    1.40    0.70   0.58 |    0.0   73.0   27.0 |   99.7   94.8    4.9
  3.00    1.60    0.70   0.58 |    0.0   14.2   85.8 |  100.0   95.1    4.9
  4.00    1.60    0.70   0.58 |    0.0   14.2   85.8 |  100.0   95.1    4.9
  5.00    1.60    0.70   0.58 |    0.0   14.2   85.8 |  100.0   95.1    4.9
  6.00    1.60    0.70   0.58 |    0.0   13.9   86.1 |  100.0   95.1    4.9
  7.00    1.60    0.70   0.58 |    0.0   13.1   86.9 |  100.0   95.1    4.9
  3.00    1.60    0.66   0.56 |    0.0   83.1   16.9 |   99.4   94.4    5.0
  4.00    1.60    0.66   0.56 |    0.0   83.1   16.9 |   99.4   94.4    5.0
  5.00    1.60    0.66   0.56 |    0.0   82.4   17.6 |   99.4   94.4    5.0
  6.00    1.60    0.66   0.56 |    0.0   80.8   19.2 |   99.4   94.4    5.0
  7.00    1.60    0.66   0.56 |    0.0   77.2   22.8 |   99.4   94.4    5.0
  3.00    1.80    0.68   0.58 |    0.0   14.0   86.0 |  100.0   95.0    5.0
  4.00    1.80    0.68   0.58 |    0.0   14.0   86.0 |  100.0   95.0    5.0
  5.00    1.80    0.68   0.58 |    0.0   14.0   86.0 |  100.0   95.0    5.0
  6.00    1.80    0.68   0.58 |    0.0   13.8   86.2 |  100.0   95.0    5.0
  7.00    1.80    0.68   0.58 |    0.0   13.0   87.0 |  100.0   95.0    5.0
  3.00    1.80    0.68   0.56 |    0.0   14.4   85.6 |  100.0   94.8    5.2
  4.00    1.80    0.68   0.56 |    0.0   14.4   85.6 |  100.0   94.8    5.2
  5.00    1.80    0.68   0.56 |    0.0   14.4   85.6 |  100.0   94.8    5.2
  6.00    1.80    0.68   0.56 |    0.0   14.1   85.9 |  100.0   94.8    5.2
  7.00    1.80    0.68   0.56 |    0.0   13.3   86.7 |  100.0   94.8    5.2
  3.00    1.60    0.68   0.56 |    0.0   75.6   24.4 |   99.7   94.4    5.2
  4.00    1.60    0.68   0.56 |    0.0   75.6   24.4 |   99.7   94.4    5.2
  5.00    1.60    0.68   0.56 |    0.0   75.3   24.7 |   99.7   94.4    5.2
  6.00    1.60    0.68   0.56 |    0.0   74.1   25.9 |   99.7   94.4    5.2
  7.00    1.60    0.68   0.56 |    0.0   71.1   28.9 |   99.7   94.4    5.2
  3.00    1.40    0.62   0.56 |    0.0   85.2   14.8 |   98.8   93.5    5.3
  4.00    1.40    0.62   0.56 |    0.0   85.2   14.8 |   98.8   93.5    5.3
  5.00    1.40    0.62   0.56 |    0.0   84.4   15.6 |   98.8   93.5    5.3
  6.00    1.40    0.62   0.56 |    0.0   82.8   17.2 |   98.8   93.5    5.3
  7.00    1.40    0.62   0.56 |    0.0   79.0   21.0 |   98.8   93.5    5.3
  3.00    1.40    0.64   0.56 |    0.0   84.9   15.1 |   98.9   93.5    5.4
  4.00    1.40    0.64   0.56 |    0.0   84.9   15.1 |   98.9   93.5    5.4
  5.00    1.40    0.64   0.56 |    0.0   84.2   15.8 |   98.9   93.5    5.4
  6.00    1.40    0.64   0.56 |    0.0   82.5   17.5 |   98.9   93.5    5.4
  7.00    1.40    0.64   0.56 |    0.0   78.8   21.2 |   98.9   93.5    5.4
  3.00    1.40    0.66   0.56 |    0.0   84.5   15.5 |   99.0   93.5    5.5
  4.00    1.40    0.66   0.56 |    0.0   84.4   15.6 |   99.0   93.5    5.5
  5.00    1.40    0.66   0.56 |    0.0   83.7   16.3 |   99.0   93.5    5.5
  6.00    1.40    0.66   0.56 |    0.0   82.1   17.9 |   99.0   93.5    5.5
  7.00    1.40    0.66   0.56 |    0.0   78.4   21.6 |   99.0   93.5    5.5
  3.00    1.60    0.70   0.56 |    0.0   14.4   85.6 |  100.0   94.4    5.6
  4.00    1.60    0.70   0.56 |    0.0   14.4   85.6 |  100.0   94.4    5.6
  5.00    1.60    0.70   0.56 |    0.0   14.4   85.6 |  100.0   94.4    5.6
  6.00    1.60    0.70   0.56 |    0.0   14.1   85.9 |  100.0   94.4    5.6
  7.00    1.60    0.70   0.56 |    0.0   13.4   86.6 |  100.0   94.4    5.6
  3.00    1.40    0.68   0.56 |    0.0   83.4   16.6 |   99.4   93.5    5.9
  4.00    1.40    0.68   0.56 |    0.0   83.4   16.6 |   99.4   93.5    5.9
  5.00    1.40    0.68   0.56 |    0.0   82.7   17.3 |   99.4   93.5    5.9
  6.00    1.40    0.68   0.56 |    0.0   81.1   18.9 |   99.4   93.5    5.9
  7.00    1.40    0.68   0.56 |    0.0   77.4   22.6 |   99.4   93.5    5.9
  3.00    1.40    0.70   0.56 |    0.0   78.2   21.8 |   99.7   93.5    6.2
  4.00    1.40    0.70   0.56 |    0.0   78.2   21.8 |   99.7   93.5    6.2
  5.00    1.40    0.70   0.56 |    0.0   77.7   22.3 |   99.7   93.5    6.2
  6.00    1.40    0.70   0.56 |    0.0   76.5   23.5 |   99.7   93.5    6.2
  7.00    1.40    0.70   0.56 |    0.0   73.3   26.7 |   99.7   93.5    6.2
  3.00    1.80    0.70   0.56 |    0.0   14.0   86.0 |    0.0   94.8   94.8
  4.00    1.80    0.70   0.56 |    0.0   14.0   86.0 |    0.0   94.8   94.8
  5.00    1.80    0.70   0.56 |    0.0   14.0   86.0 |    0.0   94.8   94.8
  6.00    1.80    0.70   0.56 |    0.0   13.8   86.2 |    0.0   94.8   94.8
  7.00    1.80    0.70   0.56 |    0.0   13.0   87.0 |    0.0   94.8   94.8
  3.00    1.80    0.70   0.58 |    0.0   13.6   86.4 |    0.0   95.0   95.0
  3.00    2.20    0.66   0.56 |    0.0   13.6   86.4 |    0.0   95.0   95.0
  3.00    2.20    0.68   0.56 |    0.0   13.6   86.4 |    0.0   95.0   95.0
  3.00    2.20    0.70   0.56 |    0.0   13.6   86.4 |    0.0   95.0   95.0
  4.00    1.80    0.70   0.58 |    0.0   13.6   86.4 |    0.0   95.0   95.0
  4.00    2.20    0.66   0.56 |    0.0   13.6   86.4 |    0.0   95.0   95.0
  4.00    2.20    0.68   0.56 |    0.0   13.6   86.4 |    0.0   95.0   95.0
  4.00    2.20    0.70   0.56 |    0.0   13.6   86.4 |    0.0   95.0   95.0
  5.00    1.80    0.70   0.58 |    0.0   13.6   86.4 |    0.0   95.0   95.0
  5.00    2.20    0.66   0.56 |    0.0   13.6   86.4 |    0.0   95.0   95.0
  5.00    2.20    0.68   0.56 |    0.0   13.6   86.4 |    0.0   95.0   95.0
  5.00    2.20    0.70   0.56 |    0.0   13.6   86.4 |    0.0   95.0   95.0
  6.00    1.80    0.70   0.58 |    0.0   13.4   86.6 |    0.0   95.0   95.0
  6.00    2.20    0.66   0.56 |    0.0   13.4   86.6 |    0.0   95.0   95.0
  6.00    2.20    0.68   0.56 |    0.0   13.4   86.6 |    0.0   95.0   95.0
  6.00    2.20    0.70   0.56 |    0.0   13.4   86.6 |    0.0   95.0   95.0
  7.00    1.80    0.70   0.58 |    0.0   12.7   87.3 |    0.0   95.0   95.0
  7.00    2.20    0.66   0.56 |    0.0   12.7   87.3 |    0.0   95.0   95.0
  7.00    2.20    0.68   0.56 |    0.0   12.7   87.3 |    0.0   95.0   95.0
  7.00    2.20    0.70   0.56 |    0.0   12.7   87.3 |    0.0   95.0   95.0
  3.00    2.00    0.68   0.56 |    0.0   13.9   86.1 |    0.0   95.1   95.1
  3.00    2.00    0.70   0.56 |    0.0   13.9   86.1 |    0.0   95.1   95.1
  4.00    2.00    0.68   0.56 |    0.0   13.9   86.1 |    0.0   95.1   95.1
  4.00    2.00    0.70   0.56 |    0.0   13.9   86.1 |    0.0   95.1   95.1
  5.00    2.00    0.68   0.56 |    0.0   13.9   86.1 |    0.0   95.1   95.1
  5.00    2.00    0.70   0.56 |    0.0   13.9   86.1 |    0.0   95.1   95.1
  6.00    2.00    0.68   0.56 |    0.0   13.7   86.3 |    0.0   95.1   95.1
  6.00    2.00    0.70   0.56 |    0.0   13.7   86.3 |    0.0   95.1   95.1
  7.00    2.00    0.68   0.56 |    0.0   12.9   87.1 |    0.0   95.1   95.1
  7.00    2.00    0.70   0.56 |    0.0   12.9   87.1 |    0.0   95.1   95.1
  3.00    2.00    0.68   0.58 |    0.0   13.6   86.4 |    0.0   95.3   95.3
  3.00    2.00    0.70   0.58 |    0.0   13.6   86.4 |    0.0   95.3   95.3
  4.00    2.00    0.68   0.58 |    0.0   13.6   86.4 |    0.0   95.3   95.3
  4.00    2.00    0.70   0.58 |    0.0   13.6   86.4 |    0.0   95.3   95.3
  5.00    2.00    0.68   0.58 |    0.0   13.6   86.4 |    0.0   95.3   95.3
  5.00    2.00    0.70   0.58 |    0.0   13.6   86.4 |    0.0   95.3   95.3
  6.00    2.00    0.68   0.58 |    0.0   13.4   86.6 |    0.0   95.3   95.3
  6.00    2.00    0.70   0.58 |    0.0   13.4   86.6 |    0.0   95.3   95.3
  7.00    2.00    0.68   0.58 |    0.0   12.6   87.4 |    0.0   95.3   95.3
  7.00    2.00    0.70   0.58 |    0.0   12.6   87.4 |    0.0   95.3   95.3
  3.00    2.20    0.66   0.58 |    0.0   13.2   86.8 |    0.0   95.6   95.6
  3.00    2.20    0.68   0.58 |    0.0   13.2   86.8 |    0.0   95.6   95.6
  3.00    2.20    0.70   0.58 |    0.0   13.2   86.8 |    0.0   95.6   95.6
  4.00    2.20    0.66   0.58 |    0.0   13.2   86.8 |    0.0   95.6   95.6
  4.00    2.20    0.68   0.58 |    0.0   13.2   86.8 |    0.0   95.6   95.6
  4.00    2.20    0.70   0.58 |    0.0   13.2   86.8 |    0.0   95.6   95.6
  5.00    2.20    0.66   0.58 |    0.0   13.2   86.8 |    0.0   95.6   95.6
  5.00    2.20    0.68   0.58 |    0.0   13.2   86.8 |    0.0   95.6   95.6
  5.00    2.20    0.70   0.58 |    0.0   13.2   86.8 |    0.0   95.6   95.6
  6.00    2.20    0.66   0.58 |    0.0   13.0   87.0 |    0.0   95.6   95.6
  6.00    2.20    0.68   0.58 |    0.0   13.0   87.0 |    0.0   95.6   95.6
  6.00    2.20    0.70   0.58 |    0.0   13.0   87.0 |    0.0   95.6   95.6
  7.00    2.20    0.66   0.58 |    0.0   12.3   87.7 |    0.0   95.6   95.6
  7.00    2.20    0.68   0.58 |    0.0   12.3   87.7 |    0.0   95.6   95.6
  7.00    2.20    0.70   0.58 |    0.0   12.3   87.7 |    0.0   95.6   95.6
  3.00    1.80    0.70   0.60 |    0.0   13.0   87.0 |    0.0   95.9   95.9
  4.00    1.80    0.70   0.60 |    0.0   13.0   87.0 |    0.0   95.9   95.9
  5.00    1.80    0.70   0.60 |    0.0   13.0   87.0 |    0.0   95.9   95.9
  6.00    1.80    0.70   0.60 |    0.0   12.8   87.2 |    0.0   95.9   95.9
  7.00    1.80    0.70   0.60 |    0.0   12.2   87.8 |    0.0   95.9   95.9
  3.00    2.00    0.68   0.60 |    0.0   12.5   87.5 |    0.0   96.1   96.1
  3.00    2.00    0.70   0.60 |    0.0   12.5   87.5 |    0.0   96.1   96.1
  4.00    2.00    0.68   0.60 |    0.0   12.5   87.5 |    0.0   96.1   96.1
  4.00    2.00    0.70   0.60 |    0.0   12.5   87.5 |    0.0   96.1   96.1
  5.00    2.00    0.68   0.60 |    0.0   12.5   87.5 |    0.0   96.1   96.1
  5.00    2.00    0.70   0.60 |    0.0   12.5   87.5 |    0.0   96.1   96.1
  6.00    2.00    0.68   0.60 |    0.0   12.3   87.7 |    0.0   96.1   96.1
  6.00    2.00    0.70   0.60 |    0.0   12.3   87.7 |    0.0   96.1   96.1
  7.00    2.00    0.68   0.60 |    0.0   11.7   88.3 |    0.0   96.1   96.1
  7.00    2.00    0.70   0.60 |    0.0   11.7   88.3 |    0.0   96.1   96.1
  3.00    2.20    0.66   0.60 |    0.0   11.8   88.2 |    0.0   96.3   96.3
  3.00    2.20    0.68   0.60 |    0.0   11.8   88.2 |    0.0   96.3   96.3
  3.00    2.20    0.70   0.60 |    0.0   11.8   88.2 |    0.0   96.3   96.3
  4.00    2.20    0.66   0.60 |    0.0   11.8   88.2 |    0.0   96.3   96.3
  4.00    2.20    0.68   0.60 |    0.0   11.8   88.2 |    0.0   96.3   96.3
  4.00    2.20    0.70   0.60 |    0.0   11.8   88.2 |    0.0   96.3   96.3
  5.00    2.20    0.66   0.60 |    0.0   11.8   88.2 |    0.0   96.3   96.3
  5.00    2.20    0.68   0.60 |    0.0   11.8   88.2 |    0.0   96.3   96.3
  5.00    2.20    0.70   0.60 |    0.0   11.8   88.2 |    0.0   96.3   96.3
  6.00    2.20    0.66   0.60 |    0.0   11.7   88.3 |    0.0   96.3   96.3
  6.00    2.20    0.68   0.60 |    0.0   11.7   88.3 |    0.0   96.3   96.3
  6.00    2.20    0.70   0.60 |    0.0   11.7   88.3 |    0.0   96.3   96.3
  7.00    2.20    0.66   0.60 |    0.0   11.0   89.0 |    0.0   96.3   96.3
  7.00    2.20    0.68   0.60 |    0.0   11.0   89.0 |    0.0   96.3   96.3
  7.00    2.20    0.70   0.60 |    0.0   11.0   89.0 |    0.0   96.3   96.3
  3.00    1.80    0.70   0.62 |    0.0   12.0   88.0 |    0.0   96.3   96.3
  4.00    1.80    0.70   0.62 |    0.0   12.0   88.0 |    0.0   96.3   96.3
  5.00    1.80    0.70   0.62 |    0.0   12.0   88.0 |    0.0   96.3   96.3
  6.00    1.80    0.70   0.62 |    0.0   11.8   88.2 |    0.0   96.3   96.3
  7.00    1.80    0.70   0.62 |    0.0   11.1   88.9 |    0.0   96.3   96.3
  3.00    2.00    0.68   0.62 |    0.0   10.7   89.3 |    0.0   96.8   96.8
  3.00    2.00    0.70   0.62 |    0.0   10.7   89.3 |    0.0   96.8   96.8
  4.00    2.00    0.68   0.62 |    0.0   10.7   89.3 |    0.0   96.8   96.8
  4.00    2.00    0.70   0.62 |    0.0   10.7   89.3 |    0.0   96.8   96.8
  5.00    2.00    0.68   0.62 |    0.0   10.7   89.3 |    0.0   96.8   96.8
  5.00    2.00    0.70   0.62 |    0.0   10.7   89.3 |    0.0   96.8   96.8
  6.00    2.00    0.68   0.62 |    0.0   10.6   89.4 |    0.0   96.8   96.8
  6.00    2.00    0.70   0.62 |    0.0   10.6   89.4 |    0.0   96.8   96.8
  7.00    2.00    0.68   0.62 |    0.0    9.9   90.1 |    0.0   96.8   96.8
  7.00    2.00    0.70   0.62 |    0.0    9.9   90.1 |    0.0   96.8   96.8
  3.00    1.80    0.70   0.64 |    0.0    9.8   90.2 |    0.0   98.0   98.0
  4.00    1.80    0.70   0.64 |    0.0    9.8   90.2 |    0.0   98.0   98.0
  5.00    1.80    0.70   0.64 |    0.0    9.8   90.2 |    0.0   98.0   98.0
  6.00    1.80    0.70   0.64 |    0.0    9.7   90.3 |    0.0   98.0   98.0
  7.00    1.80    0.70   0.64 |    0.0    9.0   91.0 |    0.0   98.0   98.0
  3.00    2.00    0.68   0.64 |    0.0    6.6   93.4 |    0.0   98.5   98.5
  3.00    2.00    0.70   0.64 |    0.0    6.6   93.4 |    0.0   98.5   98.5
  4.00    2.00    0.68   0.64 |    0.0    6.6   93.4 |    0.0   98.5   98.5
  4.00    2.00    0.70   0.64 |    0.0    6.6   93.4 |    0.0   98.5   98.5
  5.00    2.00    0.68   0.64 |    0.0    6.6   93.4 |    0.0   98.5   98.5
  5.00    2.00    0.70   0.64 |    0.0    6.6   93.4 |    0.0   98.5   98.5
  6.00    2.00    0.68   0.64 |    0.0    6.6   93.4 |    0.0   98.5   98.5
  6.00    2.00    0.70   0.64 |    0.0    6.6   93.4 |    0.0   98.5   98.5
  7.00    2.00    0.68   0.64 |    0.0    6.1   93.9 |    0.0   98.5   98.5
  7.00    2.00    0.70   0.64 |    0.0    6.1   93.9 |    0.0   98.5   98.5
  3.00    2.20    0.66   0.62 |    0.0    8.9   91.1 |    0.0   98.9   98.9
  3.00    2.20    0.68   0.62 |    0.0    8.9   91.1 |    0.0   98.9   98.9
  3.00    2.20    0.70   0.62 |    0.0    8.9   91.1 |    0.0   98.9   98.9
  4.00    2.20    0.66   0.62 |    0.0    8.9   91.1 |    0.0   98.9   98.9
  4.00    2.20    0.68   0.62 |    0.0    8.9   91.1 |    0.0   98.9   98.9
  4.00    2.20    0.70   0.62 |    0.0    8.9   91.1 |    0.0   98.9   98.9
  5.00    2.20    0.66   0.62 |    0.0    8.9   91.1 |    0.0   98.9   98.9
  5.00    2.20    0.68   0.62 |    0.0    8.9   91.1 |    0.0   98.9   98.9
  5.00    2.20    0.70   0.62 |    0.0    8.9   91.1 |    0.0   98.9   98.9
  6.00    2.20    0.66   0.62 |    0.0    8.9   91.1 |    0.0   98.9   98.9
  6.00    2.20    0.68   0.62 |    0.0    8.9   91.1 |    0.0   98.9   98.9
  6.00    2.20    0.70   0.62 |    0.0    8.9   91.1 |    0.0   98.9   98.9
  7.00    2.20    0.66   0.62 |    0.0    8.3   91.7 |    0.0   98.9   98.9
  7.00    2.20    0.68   0.62 |    0.0    8.3   91.7 |    0.0   98.9   98.9
  7.00    2.20    0.70   0.62 |    0.0    8.3   91.7 |    0.0   98.9   98.9
  3.00    2.20    0.66   0.64 |    0.0    2.1   97.9 |    0.0  100.0  100.0
  3.00    2.20    0.68   0.64 |    0.0    2.1   97.9 |    0.0  100.0  100.0
  3.00    2.20    0.70   0.64 |    0.0    2.1   97.9 |    0.0  100.0  100.0
  4.00    2.20    0.66   0.64 |    0.0    2.1   97.9 |    0.0  100.0  100.0
  4.00    2.20    0.68   0.64 |    0.0    2.1   97.9 |    0.0  100.0  100.0
  4.00    2.20    0.70   0.64 |    0.0    2.1   97.9 |    0.0  100.0  100.0
  5.00    2.20    0.66   0.64 |    0.0    2.1   97.9 |    0.0  100.0  100.0
  5.00    2.20    0.68   0.64 |    0.0    2.1   97.9 |    0.0  100.0  100.0
  5.00    2.20    0.70   0.64 |    0.0    2.1   97.9 |    0.0  100.0  100.0
  6.00    2.20    0.66   0.64 |    0.0    2.1   97.9 |    0.0  100.0  100.0
  6.00    2.20    0.68   0.64 |    0.0    2.1   97.9 |    0.0  100.0  100.0
  6.00    2.20    0.70   0.64 |    0.0    2.1   97.9 |    0.0  100.0  100.0
  7.00    2.20    0.66   0.64 |    0.0    1.9   98.1 |    0.0  100.0  100.0
  7.00    2.20    0.68   0.64 |    0.0    1.9   98.1 |    0.0  100.0  100.0
  7.00    2.20    0.70   0.64 |    0.0    1.9   98.1 |    0.0  100.0  100.0

================================================================================
【调试信息】

【当前选定参数调试 T_CLS=5.0, T_FEAT=1.8, FT_READ=0.66, FT_RUN=0.6】
  read_correct=1292, read_total=1296,  rate=99.7%
  run_correct=257, run_total=268,  rate=95.9%

  第一个晨读样本 0:
    人脸: score=0.3988, label=False, >FT=False
    蓝色桌子: score=0.6822, label=True, >FT=True
    教室: score=0.6666, label=True, >FT=True
    投影幕布: score=0.6692, label=True, >FT=True
